           t;          pp;         Mop;          Ms;         nsr;          ns
   0.0000000;   4.4200000;   0.3663879;   0.3663879;2000.0000000;2000.0000000
   0.0200000;   4.4300000;   0.3672169;   0.3669820;1992.0000000;1999.9844960
   0.0400000;   4.4185000;   0.3662636;   0.3667146;1997.1040150;2000.0067803
   0.0600000;   4.4162150;   0.3660742;   0.3659894;2003.2773110;2000.0152181
   0.0800000;   4.4089300;   0.3654703;   0.3655178;2001.2186740;2000.0159316
   0.1000000;   4.3946450;   0.3642862;   0.3644688;1997.5613440;2000.0297019
   0.1200000;   4.3795749;   0.3630370;   0.3630900;2002.7439780;2000.0392863
   0.1400000;   4.3621450;   0.3615922;   0.3616356;2000.2280110;2000.0443773
   0.1600000;   4.3537150;   0.3608934;   0.3606808;1997.0280110;2000.0323585
   0.1800000;   4.3540000;   0.3609170;   0.3606525;2002.7439780;2000.0088302
   0.2000000;   4.3628550;   0.3616510;   0.3614078;2000.2280110;1999.9847621
   0.2200000;   4.3771401;   0.3628351;   0.3626794;1997.0280110;1999.9667625
   0.2400000;   4.3986401;   0.3646173;   0.3644408;2002.7439780;1999.9498132
   0.2600000;   4.4203550;   0.3664174;   0.3663933;2000.2280110;1999.9420251
   0.2800000;   4.4378550;   0.3678680;   0.3679877;1997.0280110;1999.9483172
   0.3000000;   4.4456401;   0.3685133;   0.3687796;2002.7439780;1999.9688067
   0.3200000;   4.4465700;   0.3685904;   0.3688067;2000.2280110;1999.9908164
   0.3400000;   4.4490000;   0.3687918;   0.3687815;1997.0280110;1999.9966462
   0.3600000;   4.4432850;   0.3683181;   0.3684847;2002.7439780;2000.0072531
   0.3800000;   4.4465000;   0.3685846;   0.3684148;2000.2280110;2000.0012967
   0.4000000;   4.4482850;   0.3687326;   0.3687079;1997.0280110;1999.9944326
   0.4200000;   4.4525700;   0.3690878;   0.3690419;2002.7439780;1999.9905664
   0.4400000;   4.4607850;   0.3697687;   0.3696693;2000.2280110;1999.9824445
   0.4600000;   4.4730700;   0.3707871;   0.3706750;1997.0280110;1999.9717109
   0.4800000;   4.4848550;   0.3717640;   0.3717633;2002.7439780;1999.9677800
   0.5000000;   4.4985700;   0.3729009;   0.3728715;2000.2280110;1999.9653407
   0.5200000;   4.5185000;   0.3745529;   0.3744047;1996.4946780;1999.9541251
   0.5400000;   4.5480700;   0.3770041;   0.3767516;2000.0013080;1999.9321880
   0.5600000;   4.6715651;   0.3872410;   0.3849995;1991.3146590;1999.7754119
   0.5800000;   5.5510455;   0.4601439;   0.4419096;1977.8306260;1998.4991772
   0.6000000;  10.5461183;   0.8742015;   0.7736220;1963.7385640;1991.2744485
   0.6200000;  24.2065710;   2.0065601;   1.7821152;1950.5572380;1973.2232103
   0.6400000;  47.1807076;   3.9109598;   3.6528339;1930.3613440;1948.8572691
   0.6600000;  75.8810721;   6.2900248;   6.1244711;1924.1094290;1929.2008837
   0.6800000; 104.1497755;   8.6333081;   8.6406954;1941.2534070;1923.5209099
   0.7000000; 126.6826864;  10.5011332;  10.6654150;1966.2453770;1933.4420333
   0.7200000; 140.5182505;  11.6480074;  11.8997635;1983.9226890;1954.1180966
   0.7400000; 146.6956575;  12.1600724;  12.3890034;1991.7706810;1976.2904005
   0.7600000; 148.5789706;  12.3161863;  12.4484508;1998.3239960;1991.7082202
   0.7800000; 148.9341548;  12.3456286;  12.3901683;1999.4666670;1998.5879986
   0.8000000; 148.9454643;  12.3465661;  12.3515876;1998.0186740;2000.2632470
   0.8200000; 148.8125945;  12.3355521;  12.3354412;2000.3053220;2000.4117649
   0.8400000; 148.6378501;  12.3210670;  12.3214508;1999.5426700;2000.4395935
   0.8600000; 148.6204853;  12.3196275;  12.3159761;1997.4853410;2000.2171024
   0.8800000; 148.6919104;  12.3255482;  12.3225203;2000.3053220;1999.9078138
   0.9000000; 148.8474202;  12.3384389;  12.3361385;2000.0760040;1999.6613707
   0.9200000; 148.9742801;  12.3489547;  12.3494425;1997.5613440;1999.6176370
   0.9400000; 149.0754202;  12.3573386;  12.3583530;2000.8386560;1999.6940060
   0.9600000; 149.1834251;  12.3662914;  12.3663621;2001.0666670;1999.7252919
   0.9800000; 149.2782052;  12.3741480;  12.3744060;1998.0946780;1999.7402538
   1.0000000; 149.3738452;  12.3820760;  12.3821456;2000.8386560;1999.7488574
   1.0200000; 149.5074153;  12.3931480;  12.3922807;2000.5333330;1999.6899206
   1.0400000; 149.7880553;  12.4164112;  12.4127846;1996.9520070;1999.4190453
   1.0600000; 150.4672458;  12.4727114;  12.4626547;1997.4866480;1998.6345017
   1.0800000; 151.9208872;  12.5932084;  12.5731842;1995.9626520;1996.9818137
   1.1000000; 154.3377646;  12.7935511;  12.7676140;1989.8666670;1994.6065154
   1.1200000; 157.7655769;  13.0776934;  13.0505962;1989.1053220;1991.9367437
   1.1400000; 162.0518486;  13.4329962;  13.4101874;1988.8000000;1989.4740677
   1.1600000; 166.6138745;  13.8111571;  13.8035147;1987.0466850;1988.1075214
   1.1800000; 170.7370439;  14.1529398;  14.1654383;1991.0093370;1988.5174756
   1.2000000; 174.1287219;  14.4340869;  14.4566159;1994.8186740;1990.2163018
   1.2200000; 176.7164992;  14.6485960;  14.6728705;1994.9706810;1992.3643150
   1.2400000; 178.4583872;  14.7929867;  14.8173196;1998.7813260;1994.6020086
   1.2600000; 179.4490259;  14.8751039;  14.8967422;2000.4573300;1996.6975343
   1.2800000; 179.9420651;  14.9159735;  14.9307196;1997.5613440;1998.2868025
   1.3000000; 180.1437948;  14.9326955;  14.9410179;1999.8479930;1999.2636839
   1.3200000; 180.1887850;  14.9364249;  14.9406453;2000.5333330;1999.7868811
   1.3400000; 180.2227752;  14.9392425;  14.9396643;1998.0946780;1999.9411507
   1.3600000; 180.2982703;  14.9455005;  14.9441916;2000.8386560;1999.8665758
   1.3800000; 180.4079104;  14.9545889;  14.9534491;2001.0666670;1999.7488807
   1.4000000; 180.5377003;  14.9653476;  14.9647744;1998.0946780;1999.6721396
   1.4200000; 180.6580602;  14.9753246;  14.9755737;2000.8386560;1999.6659830
   1.4400000; 180.7372052;  14.9818852;  14.9830183;2001.0666670;1999.7434279
   1.4600000; 180.7817850;  14.9855806;  14.9866716;1998.0946780;1999.8464993
   1.4800000; 180.7769349;  14.9851785;  14.9865016;2000.3053220;1999.9650921
   1.5000000; 180.7215749;  14.9805896;  14.9819820;2000.9906630;2000.0972297
   1.5200000; 180.7062801;  14.9793217;  14.9785609;1997.5613440;2000.0913627
   1.5400000; 180.7569902;  14.9835253;  14.9816343;1999.8479930;1999.9443456
   1.5600000; 180.8384202;  14.9902752;  14.9891902;2000.5333330;1999.8135668
   1.5800000; 180.9339202;  14.9981915;  14.9978265;1998.0946780;1999.7532809
   1.6000000; 181.0137801;  15.0048114;  15.0052390;2000.8386560;1999.7665678
   1.6200000; 181.0865700;  15.0108452;  15.0111834;2001.0666670;1999.7985659
   1.6400000; 181.1272150;  15.0142144;  15.0150324;1998.0946780;1999.8599055
   1.6600000; 181.1434300;  15.0155585;  15.0163112;2000.8386560;1999.9326842
   1.6800000; 181.1512150;  15.0162038;  15.0165046;2001.0666670;1999.9746892
   1.7000000; 181.1640000;  15.0172636;  15.0171423;1998.0946780;1999.9755268
   1.7200000; 181.1790000;  15.0185070;  15.0183978;2000.8386560;1999.9641817
   1.7400000; 181.1877150;  15.0192294;  15.0193687;2001.0666670;1999.9694701
   1.7600000; 181.1787850;  15.0184892;  15.0189525;1998.0946780;2000.0038982
   1.7800000; 181.1775000;  15.0183827;  15.0182985;2000.8386560;2000.0126950
   1.8000000; 181.1864300;  15.0191229;  15.0188123;2001.0666670;1999.9897571
   1.8200000; 181.1875700;  15.0192174;  15.0193366;1998.0946780;1999.9878878
   1.8400000; 181.1887150;  15.0193123;  15.0193750;2000.8386560;1999.9955450
   1.8600000; 181.1933599;  15.0196973;  15.0196181;2001.0666670;1999.9921727
   1.8800000; 181.1840000;  15.0189215;  15.0192259;1998.0946780;2000.0097015
   1.9000000; 181.1745000;  15.0181340;  15.0182171;2000.8386560;2000.0247366
   1.9200000; 181.1656450;  15.0174000;  15.0173692;2001.0666670;2000.0256219
   1.9400000; 181.1481450;  15.0159493;  15.0161328;1998.0946780;2000.0371692
   1.9600000; 181.1197150;  15.0135927;  15.0138915;2000.8386560;2000.0631229
   1.9800000; 181.0895000;  15.0110881;  15.0111734;2001.0666670;2000.0789244
   2.0000000; 181.0746450;  15.0098567;  15.0094741;1998.0946780;2000.0574829
   2.0200000; 181.0673599;  15.0092528;  15.0089669;2000.8386560;2000.0276686
   2.0400000; 181.0515000;  15.0079381;  15.0081078;2001.0666670;2000.0304939
   2.0600000; 181.0405000;  15.0070263;  15.0069786;1998.0946780;2000.0330670
   2.0800000; 181.0277150;  15.0059665;  15.0059745;2000.8386560;2000.0326168
   2.1000000; 181.0092150;  15.0044330;  15.0045698;2001.0666670;2000.0423943
   2.1200000; 180.9860000;  15.0025086;  15.0026454;1998.0946780;2000.0562899
   2.1400000; 180.9785700;  15.0018927;  15.0015326;2000.8386560;2000.0375839
   2.1600000; 180.9848550;  15.0024137;  15.0019860;2001.0666670;1999.9987992
   2.1800000; 181.0195000;  15.0052855;  15.0045555;1998.0946780;1999.9374146
   2.2000000; 181.0601450;  15.0086547;  15.0083929;2000.8386560;1999.8966788
   2.2200000; 181.0832850;  15.0105729;  15.0110124;2001.0666670;1999.9160943
   2.2400000; 181.0927850;  15.0113604;  15.0118246;1998.0946780;1999.9590453
   2.2600000; 181.1014300;  15.0120770;  15.0121671;2000.8386560;1999.9786664
   2.2800000; 181.1069300;  15.0125329;  15.0125823;2001.0666670;1999.9843547
   2.3000000; 181.0922150;  15.0113131;  15.0117925;1998.0946780;2000.0172797
   2.3200000; 181.0667150;  15.0091993;  15.0095596;2000.8386560;2000.0561163
   2.3400000; 181.0398599;  15.0069732;  15.0070329;2001.0666670;2000.0719967
   2.3600000; 181.0045049;  15.0040425;  15.0042088;1998.0946780;2000.0858820
   2.3800000; 180.9783599;  15.0018753;  15.0016808;2000.8386560;2000.0794761
   2.4000000; 180.9527850;  14.9997553;  14.9996671;2001.0666670;2000.0688490
   2.4200000; 180.9417850;  14.9988435;  14.9984913;1998.0946780;2000.0439392
   2.4400000; 180.9566450;  15.0000753;  14.9993870;2000.8386560;1999.9883119
   2.4600000; 180.9625000;  15.0005606;  15.0006464;2001.0666670;1999.9725811
   2.4800000; 180.9514251;  14.9996426;  15.0001370;1998.0946780;2000.0074945
   2.5000000; 180.9600000;  15.0003534;  14.9999997;2000.8386560;1999.9995135
   2.5200000; 180.9632150;  15.0006199;  15.0006092;2001.0666670;1999.9878513
   2.5400000; 180.9572150;  15.0001225;  15.0003755;1998.0946780;2000.0040625
   2.5600000; 180.9547150;  14.9999153;  14.9998940;2001.3719890;2000.0105275
   2.5800000; 180.9409251;  14.9987722;  14.9990042;2001.1426700;2000.0253241
   2.6000000; 180.9446401;  14.9990802;  14.9987233;1998.6280110;2000.0093135
   2.6200000; 180.9715000;  15.0013067;  15.0006520;2001.8293190;1999.9552142
   2.6400000; 180.9922150;  15.0030238;  15.0030555;2001.6000000;1999.9364509
   2.6600000; 181.0006450;  15.0037226;  15.0040963;1998.0946780;1999.9611806
   2.6800000; 180.9796450;  15.0019818;  15.0027641;2000.8386560;2000.0237598
   2.7000000; 180.9355049;  14.9983229;  14.9990106;2001.0666670;2000.0936350
   2.7200000; 180.8885847;  14.9944335;  14.9945680;1998.0946780;2000.1251033
   2.7400000; 180.8205847;  14.9887968;  14.9892347;2000.8386560;2000.1600102
   2.7600000; 180.7466499;  14.9826681;  14.9828764;2001.0666670;2000.1896938
   2.7800000; 180.7012850;  14.9789077;  14.9782144;1998.0946780;2000.1532126
   2.8000000; 180.7096352;  14.9795998;  14.9781299;2000.8386560;2000.0371011
   2.8200000; 180.7358452;  14.9817725;  14.9810700;2001.0666670;1999.9459753
   2.8400000; 180.7481302;  14.9827908;  14.9831123;1998.6280110;1999.9447957
   2.8600000; 180.6755651;  14.9767757;  14.9789266;2000.9146590;2000.0959084
   2.8800000; 180.5723599;  14.9682207;  14.9694070;2001.6000000;2000.2420381
   2.9000000; 180.4606499;  14.9589607;  14.9591841;1999.6186740;2000.2969287
   2.9200000; 180.4931499;  14.9616547;  14.9581560;2001.4479930;2000.0773070
   2.9400000; 180.6005749;  14.9705595;  14.9679301;2001.6000000;1999.7969214
   2.9600000; 180.6746401;  14.9766990;  14.9772511;1999.6186740;1999.7493785
   2.9800000; 180.7542801;  14.9833006;  14.9836121;2001.4479930;1999.7833544
   3.0000000; 180.8559951;  14.9917321;  14.9912585;2002.1333330;1999.7583719
   3.0200000; 180.9211401;  14.9971322;  14.9978781;1999.1613440;1999.7893013
   3.0400000; 180.9640700;  15.0006908;  15.0014695;2001.9053220;1999.8605566
   3.0600000; 180.9693599;  15.0011293;  15.0021395;2002.0573300;1999.9491030
   3.0800000; 180.9548599;  14.9999273;  15.0005585;1998.6280110;2000.0211154
   3.1000000; 180.9207850;  14.9971027;  14.9976041;2000.8386560;2000.0739364
   3.1200000; 180.8954251;  14.9950006;  14.9948393;2001.0666670;2000.0798419
   3.1400000; 180.8962101;  14.9950656;  14.9943495;1998.6280110;2000.0287680
   3.1600000; 180.9003550;  14.9954092;  14.9951724;2000.9146590;1999.9914844
   3.1800000; 180.9160000;  14.9967061;  14.9964561;2001.6000000;1999.9675952
   3.2000000; 180.9122150;  14.9963923;  14.9968181;1999.0853410;1999.9875114
   3.2200000; 180.9135749;  14.9965051;  14.9965140;2001.3719890;2000.0010682
   3.2400000; 180.8962199;  14.9950664;  14.9954630;2001.0666670;2000.0275052
   3.2600000; 180.8815749;  14.9938525;  14.9938790;1998.0946780;2000.0419126
   3.2800000; 180.8742150;  14.9932424;  14.9930301;2000.8386560;2000.0293262
   3.3000000; 180.8732101;  14.9931591;  14.9929524;2001.0666670;2000.0095764
   3.3200000; 180.8888550;  14.9944559;  14.9940366;1998.0946780;1999.9756789
   3.3400000; 180.9006450;  14.9954333;  14.9954487;2000.8386560;1999.9633994
   3.3600000; 180.8911450;  14.9946458;  14.9951987;2001.0666670;1999.9998443
   3.3800000; 180.8699300;  14.9928872;  14.9932927;1998.0946780;2000.0436727
   3.4000000; 180.8550700;  14.9916554;  14.9915388;2000.8386560;2000.0491130
   3.4200000; 180.8589300;  14.9919754;  14.9914585;2001.0666670;2000.0121134
   3.4400000; 180.8587150;  14.9919575;  14.9919405;1998.0946780;1999.9952324
   3.4600000; 180.8542850;  14.9915903;  14.9917404;2000.8386560;2000.0045787
   3.4800000; 180.8726450;  14.9931123;  14.9926139;2001.0666670;1999.9763819
   3.5000000; 180.8922850;  14.9947403;  14.9945785;1998.0946780;1999.9499526
   3.5200000; 180.9042801;  14.9957346;  14.9959349;2000.8386560;1999.9574595
   3.5400000; 180.9079202;  14.9960363;  14.9963031;2001.0666670;1999.9806196
   3.5600000; 180.9327850;  14.9980974;  14.9976441;1998.0946780;1999.9586219
   3.5800000; 180.9231450;  14.9972984;  14.9979780;2000.8386560;1999.9888484
   3.6000000; 180.8643648;  14.9924259;  14.9937918;2001.0666670;2000.0998549
   3.6200000; 180.8197395;  14.9887267;  14.9886352;1998.0946780;2000.1374395
   3.6400000; 180.7183796;  14.9803247;  14.9814728;2000.8386560;2000.2123913
   3.6600000; 180.5927948;  14.9699146;  14.9707390;2001.0666670;2000.3054786
   3.6800000; 180.5150749;  14.9634721;  14.9623822;1998.0946780;2000.2635360
   3.7000000; 180.5107801;  14.9631161;  14.9610086;2000.8386560;2000.0947312
   3.7200000; 180.5445553;  14.9659158;  14.9646205;2001.0666670;1999.9457027
   3.7400000; 180.6224104;  14.9723695;  14.9712541;1998.6280110;1999.8314234
   3.7600000; 180.7352003;  14.9817190;  14.9807910;2000.9146590;1999.7332704
   3.7800000; 180.8212052;  14.9888482;  14.9894092;2001.6000000;1999.7376843
   3.8000000; 180.8858550;  14.9942073;  14.9949762;1999.6186740;1999.8018289
   3.8200000; 180.8866450;  14.9942728;  14.9959239;2001.4479930;1999.9314952
   3.8400000; 180.8549398;  14.9916446;  14.9927307;2001.6000000;2000.0530473
   3.8600000; 180.7806646;  14.9854877;  14.9865658;1999.0853410;2000.1584236
   3.8800000; 180.6905147;  14.9780149;  14.9785097;2001.3719890;2000.2266895
   3.9000000; 180.5935651;  14.9699784;  14.9701121;2001.0666670;2000.2541511
   3.9200000; 180.5880553;  14.9695217;  14.9673195;1998.0946780;2000.1167357
   3.9400000; 180.6769902;  14.9768938;  14.9741196;2001.3719890;1999.8674079
   3.9600000; 180.7640651;  14.9841117;  14.9837430;2001.1426700;1999.7555909
   3.9800000; 180.8183550;  14.9886120;  14.9896192;1998.6280110;1999.8071809
   4.0000000; 180.8462850;  14.9909272;  14.9918513;2001.8293190;1999.8963615

     kp;     Tc;     Tz;   nzad;       Iz
  0.270;  0.018;  0.001;   2000; 0.002544
