1000
1004
1003,085995
1003,2
1001,714005
1003,085995
1003,2
1001,714005
1003,085995
1003,2
1001,714005
1003,085995
1003,2
1001,714005
1003,085995
1003,2
1001,714005
1003,085995
1003,2
1001,714005
1003,085995
1003,2
1001,714005
1003,085995
1003,2
1001,714005
1003,085995
1003,2
1000,114005
1000,457984
995,6579835
989,143978
981,715967
969,943978
960,0019615
951,2019615
947,771989
948,2260495
954,7380935
973,712044
994,2859945
1000,114005
999,428011
1002,285995
1003,2
1001,714005
1003,085995
1003,2
1001,714005
1003,085995
1003,2
1001,714005
1003,085995
1003,2
1001,714005
1003,085995
1003,2
1001,714005
1003,085995
1002,4
1000
999,6579835
997,371989
992,8
991,8859945
992
991,428011
994,5140055
997,028011
998,628011
1002,285995
1003,2
1001,714005
1003,085995
1003,2
1001,714005
1003,085995
1003,2
1001,714005
1003,085995
1003,2
1001,714005
1003,085995
1003,2
1001,714005
1003,085995
1003,2
1001,714005
1003,085995
1003,2
1001,714005
1003,085995
1003,2
1001,714005
1003,085995
1003,2
1001,714005
1003,085995
1003,2
1001,714005
1003,085995
1003,2
1001,714005
1003,085995
1003,2
1001,714005
1003,085995
1003,2
1001,714005
1003,085995
1003,2
1001,714005
1003,085995
1003,2
1001,714005
1003,085995
1003,2
1001,714005
1003,085995
1003,2
1001,714005
1003,085995
1003,2
1001,714005
1003,085995
1003,2
1001,714005
1003,085995
1003,2
1001,714005
1003,085995
1003,2
1001,714005
1003,085995
1003,2
1001,714005
1003,085995
1003,2
1001,714005
1003,085995
1003,2
1001,714005
1003,085995
1003,2
1001,714005
1003,085995
1003,2
1001,714005
1003,085995
1003,2
1001,714005
1003,085995
1003,2
1001,714005
1003,085995
1003,2
1001,714005
1003,085995
1003,2
1001,714005
1003,085995
1003,2
1001,714005
1003,085995
1003,2
1001,714005
1003,085995
1003,2
1001,714005
1003,085995
1003,2
1001,714005
1003,085995
1003,2
1001,714005
1003,085995
1003,2
1001,714005
1003,085995
1003,2
1001,714005
1003,085995
1003,2
1001,714005
1003,085995
1003,2
1001,714005
1003,085995
1003,2
1001,714005
1003,085995
1003,2
1001,714005
1003,085995
1003,2
1001,714005
1003,085995
1003,2
1001,714005
1003,085995
1003,2