600
600
600
600
600
600
600
600
600
600
600
600
600
600
600
600
600
600
600
600
600
600
600
600
600
600
599,2
599,8859945
599,2
598,5140055
598,4
598,2859945
597,371989
595,0859945
592
591,0859945
588,6859945
585,371989
581,943978
576,4579835
570,971989
566,2859945
563,8859945
562,2859945
561,6
563,3140055
569,256022
573,8260495
583,884033
595,2
600
600
600
600
600
600
600
600
600
600
600
600
600
600
600
598,4
596,571989
594,743978
590,971989
586,5140055
586,5140055
588,9140055
591,428011
593,828011
596,9140055
599,2
600
600
600
600
600
600
600
600
600
600
600
600
600
600
600
600
600
600
600
600
600
600
600
600
600
600
600
600
600
600
600
600
600
600
600
600
600
600
600
600
600
600
600
600
600
600
600
600
600
600
600
600
600
600
600
600
600
600
600
600
600
600
600
600
600
600
600
600
600
600
600
600
600
600
600
600
600
600
600
600
600
600
600
600
600
600
600
600
600
600
600
600
600
600
600
600
600
600
600
600
600
600
600
600
600
600
600
600
600
600
600
600
600
600
600
600
600
600
600
600
600
600
600
600
600