           t;          pp;         Mop;          Ms;         nsr;          ns
   0.0000000;   3.1350000;   0.2598702;   0.2598702; 600.0000000; 600.0000000
   0.0100000;   3.0975000;   0.2567617;   0.2583898; 600.0000000; 600.0404658
   0.0200000;   3.0600000;   0.2536532;   0.2549624; 600.0000000; 600.0997038
   0.0300000;   3.0352537;   0.2516019;   0.2517098; 600.0000000; 600.1242211
   0.0400000;   3.0105074;   0.2495506;   0.2493208; 600.0000000; 600.1211214
   0.0500000;   2.9788461;   0.2469261;   0.2470081; 600.0000000; 600.1204085
   0.0600000;   2.9471849;   0.2443016;   0.2444122; 600.0000000; 600.1254860
   0.0700000;   2.9194349;   0.2420013;   0.2418901; 600.0000000; 600.1255195
   0.0800000;   2.8916849;   0.2397010;   0.2395747; 600.0000000; 600.1215831
   0.0900000;   2.8628099;   0.2373075;   0.2372708; 600.0000000; 600.1196219
   0.1000000;   2.8339349;   0.2349139;   0.2349039; 600.0000000; 600.1197594
   0.1100000;   2.8043099;   0.2324582;   0.2324809; 600.0000000; 600.1211342
   0.1200000;   2.7746849;   0.2300025;   0.2300129; 600.0000000; 600.1227411
   0.1300000;   2.7430236;   0.2273780;   0.2274590; 600.0000000; 600.1259122
   0.1400000;   2.7113624;   0.2247535;   0.2248057; 600.0000000; 600.1295395
   0.1500000;   2.6830762;   0.2224088;   0.2222742; 600.0000000; 600.1280808
   0.1600000;   2.6547899;   0.2200640;   0.2199325; 600.0000000; 600.1236643
   0.1700000;   2.6343262;   0.2183677;   0.2179436; 600.0000000; 600.1120082
   0.1800000;   2.6138624;   0.2166714;   0.2163508; 600.0000000; 600.0980905
   0.1900000;   2.5928624;   0.2149307;   0.2147873; 600.0000000; 600.0901737
   0.2000000;   2.5718624;   0.2131899;   0.2131416; 600.0000000; 600.0874155
   0.2100000;   2.5522012;   0.2115601;   0.2114889; 600.0000000; 600.0855860
   0.2200000;   2.5325399;   0.2099303;   0.2098768; 600.0000000; 600.0837993
   0.2300000;   2.5102537;   0.2080830;   0.2081634; 600.0000000; 600.0856174
   0.2400000;   2.4879674;   0.2062356;   0.2063057; 600.0000000; 600.0893624
   0.2500000;   2.4677174;   0.2045570;   0.2044984; 600.0000000; 600.0897565
   0.2600000;   2.4474674;   0.2028784;   0.2028071; 600.0000000; 600.0877552
   0.2700000;   2.4307537;   0.2014929;   0.2012886; 600.0000000; 600.0822378
   0.2800000;   2.4140399;   0.2001075;   0.1999525; 600.0000000; 600.0757481
   0.2900000;   2.3988787;   0.1988507;   0.1987002; 600.0000000; 600.0701306
   0.3000000;   2.3837174;   0.1975940;   0.1975029; 600.0000000; 600.0660124
   0.3100000;   2.3659312;   0.1961196;   0.1961898; 600.0000000; 600.0668335
   0.3200000;   2.3481450;   0.1946452;   0.1947174; 600.0000000; 600.0703165
   0.3300000;   2.3355562;   0.1936017;   0.1934115; 600.0000000; 600.0673194
   0.3400000;   2.3229674;   0.1925582;   0.1923822; 600.0000000; 600.0604008
   0.3500000;   2.3068424;   0.1912216;   0.1912733; 600.0000000; 600.0593450
   0.3600000;   2.2907174;   0.1898849;   0.1899628; 600.0000000; 600.0626184
   0.3700000;   2.2745924;   0.1885482;   0.1885931; 600.0000000; 600.0654968
   0.3800000;   2.2584674;   0.1872116;   0.1872239; 600.0000000; 600.0670512
   0.3900000;   2.2445924;   0.1860614;   0.1859576; 600.0000000; 600.0652063
   0.4000000;   2.2307174;   0.1849113;   0.1848192; 600.0000000; 600.0617611
   0.4100000;   2.2163062;   0.1837167;   0.1836851; 600.0000000; 600.0599959
   0.4200000;   2.2018950;   0.1825221;   0.1825131; 600.0000000; 600.0597572
   0.4300000;   2.1910200;   0.1816207;   0.1814621; 600.0000000; 600.0561584
   0.4400000;   2.1801450;   0.1807192;   0.1805887; 600.0000000; 600.0508016
   0.4500000;   2.1703950;   0.1799110;   0.1797901; 600.0000000; 600.0461118
   0.4600000;   2.1606450;   0.1791028;   0.1790320; 600.0000000; 600.0427817
   0.4700000;   2.1478950;   0.1780459;   0.1781437; 600.0000000; 600.0444267
   0.4800000;   2.1351450;   0.1769890;   0.1770806; 600.0000000; 600.0486566
   0.4900000;   2.1223950;   0.1759321;   0.1759785; 600.0000000; 600.0516780
   0.5000000;   2.1096450;   0.1748752;   0.1748868; 600.0000000; 600.0531264
   0.5100000;   2.1017700;   0.1742224;   0.1740048; 599.6000000; 600.0483308
   0.5200000;   2.0938950;   0.1735697;   0.1733875; 599.2000000; 600.0406686
   0.5300000;   2.0877337;   0.1730589;   0.1728858; 599.5429973; 600.0337667
   0.5400000;   2.0815725;   0.1725482;   0.1724484; 599.8859945; 600.0287732
   0.5500000;   2.0772862;   0.1721929;   0.1720692; 599.5429973; 600.0243321
   0.5600000;   2.0730000;   0.1718376;   0.1717590; 599.2000000; 600.0205825
   0.5700000;   2.0730000;   0.1718376;   0.1716155; 598.8570027; 600.0139694
   0.5800000;   2.0730000;   0.1718376;   0.1716757; 598.5140055; 600.0064686
   0.5900000;   2.0750888;   0.1720107;   0.1718414; 598.4570028; 599.9997126
   0.6000000;   2.0771775;   0.1721839;   0.1720852; 598.4000000; 599.9945313
   0.6100000;   2.0860163;   0.1729166;   0.1725841; 598.3429973; 599.9846444
   0.6200000;   2.0948550;   0.1736492;   0.1734055; 598.2859945; 599.9730886
   0.6300000;   2.1155326;   0.1753633;   0.1747336; 597.8289918; 599.9533076
   0.6400000;   2.1362101;   0.1770773;   0.1766305; 597.3719890; 599.9316510
   0.6500000;   2.1803514;   0.1807363;   0.1795117; 596.2289917; 599.8934924
   0.6600000;   2.2244926;   0.1843953;   0.1835214; 595.0859945; 599.8511223
   0.6700000;   2.2996502;   0.1906254;   0.1888758; 593.5429972; 599.7924081
   0.6800000;   2.3748078;   0.1968554;   0.1956666; 592.0000000; 599.7329327
   0.6900000;   2.5213729;   0.2090047;   0.2053809; 591.5429972; 599.6216343
   0.7000000;   2.6679380;   0.2211539;   0.2185420; 591.0859945; 599.4950805
   0.7100000;   3.0288871;   0.2510741;   0.2405588; 589.8859945; 599.1877177
   0.7200000;   3.3898361;   0.2809944;   0.2731957; 588.6859945; 598.8172602
   0.7300000;   4.4301922;   0.3672328;   0.3340326; 587.0289917; 597.8573100
   0.7400000;   5.4705483;   0.4534712;   0.4287087; 585.3719890; 596.6875525
   0.7500000;   7.7773607;   0.6446903;   0.5778660; 583.6579835; 594.6023101
   0.7600000;  10.0841731;   0.8359094;   0.7882793; 581.9439780; 592.2950049
   0.7700000;  14.4669876;   1.1992149;   1.0871025; 579.2009807; 588.6817843
   0.7800000;  18.8498021;   1.5625204;   1.4842180; 576.4579835; 584.8330544
   0.7900000;  26.2216749;   2.1735985;   2.0084201; 573.7149863; 579.3485181
   0.8000000;  33.5935478;   2.7846767;   2.6715419; 570.9719890; 573.7021788
   0.8100000;  42.9636644;   3.5613956;   3.4245896; 568.6289918; 568.2742118
   0.8200000;  52.3337810;   4.3381146;   4.2569199; 566.2859945; 563.7953433
   0.8300000;  61.8041986;   5.1231478;   5.0885369; 565.0859945; 561.3414341
   0.8400000;  71.2746162;   5.9081810;   5.9024685; 563.8859945; 560.3344068
   0.8500000;  80.0463194;   6.6352955;   6.6723990; 563.0859945; 560.8465002
   0.8600000;  88.8180227;   7.3624101;   7.3969167; 562.2859945; 561.9886266
   0.8700000;  96.9653399;   8.0377673;   8.0871188; 561.9429972; 563.4622918
   0.8800000; 105.1126571;   8.7131245;   8.7479225; 561.6000000; 564.8269453
   0.8900000; 112.4866598;   9.3243791;   9.3773806; 562.4570028; 566.4177492
   0.9000000; 119.8606624;   9.9356338;   9.9730820; 563.3140055; 567.9313092
   0.9100000; 126.1298374;  10.4553058;  10.5237099; 566.2850137; 569.9726175
   0.9200000; 132.3990124;  10.9749778;  11.0239235; 569.2560220; 572.0499440
   0.9300000; 136.6719941;  11.3291789;  11.4415619; 571.5410357; 575.4022690
   0.9400000; 140.9449758;  11.6833800;  11.7646352; 573.8260495; 579.0377451
   0.9500000; 142.7166166;  11.8302370;  11.9796212; 578.8550412; 583.8849031
   0.9600000; 144.4882574;  11.9770939;  12.0799113; 583.8840330; 588.7208795
   0.9700000; 144.7704150;  12.0004829;  12.1138122; 589.5420165; 593.0955977
   0.9800000; 145.0525725;  12.0238718;  12.0918187; 595.2000000; 596.5531614
   0.9900000; 145.0268588;  12.0217403;  12.0635768; 597.6000000; 598.6534756
   1.0000000; 145.0011450;  12.0196088;  12.0376196; 600.0000000; 599.7606213
   1.0100000; 144.9755363;  12.0174861;  12.0222686; 600.0000000; 600.1648138
   1.0200000; 144.9499275;  12.0153633;  12.0150341; 600.0000000; 600.2335219
   1.0300000; 144.9576412;  12.0160027;  12.0131784; 600.0000000; 600.1593827
   1.0400000; 144.9653550;  12.0166421;  12.0144399; 600.0000000; 600.0602321
   1.0500000; 144.9925725;  12.0188982;  12.0169388; 600.0000000; 599.9766539
   1.0600000; 145.0197899;  12.0211544;  12.0200916; 600.0000000; 599.9185468
   1.0700000; 145.0001287;  12.0195246;  12.0211689; 600.0000000; 599.9417523
   1.0800000; 144.9804674;  12.0178948;  12.0194727; 600.0000000; 600.0072455
   1.0900000; 144.9638062;  12.0165137;  12.0172633; 600.0000000; 600.0513129
   1.1000000; 144.9471450;  12.0151326;  12.0153628; 600.0000000; 600.0694207
   1.1100000; 144.9420000;  12.0147061;  12.0142119; 600.0000000; 600.0613466
   1.1200000; 144.9368550;  12.0142796;  12.0138231; 600.0000000; 600.0424674
   1.1300000; 144.9311775;  12.0138090;  12.0135780; 600.0000000; 600.0297296
   1.1400000; 144.9255000;  12.0133384;  12.0132566; 600.0000000; 600.0242448
   1.1500000; 144.9516450;  12.0155056;  12.0141097; 600.0000000; 599.9884454
   1.1600000; 144.9777899;  12.0176729;  12.0165673; 600.0000000; 599.9382706
   1.1700000; 144.9807899;  12.0179215;  12.0183706; 600.0000000; 599.9311750
   1.1800000; 144.9837899;  12.0181702;  12.0187967; 600.0000000; 599.9535802
   1.1900000; 144.9549674;  12.0157810;  12.0175628; 600.0000000; 600.0075880
   1.2000000; 144.9261450;  12.0133919;  12.0146805; 600.0000000; 600.0684711
   1.2100000; 144.9182663;  12.0127388;  12.0124421; 600.0000000; 600.0823326
   1.2200000; 144.9103876;  12.0120857;  12.0115385; 600.0000000; 600.0644562
   1.2300000; 144.9020289;  12.0113928;  12.0110401; 600.0000000; 600.0473827
   1.2400000; 144.8936702;  12.0106999;  12.0105404; 600.0000000; 600.0381488
   1.2500000; 144.9130126;  12.0123033;  12.0110511; 600.0000000; 600.0047885
   1.2600000; 144.9323550;  12.0139066;  12.0129336; 600.0000000; 599.9603778
   1.2700000; 145.0758713;  12.0258031;  12.0199271; 600.0000000; 599.7983840
   1.2800000; 145.2193876;  12.0376997;  12.0332069; 600.0000000; 599.5900096
   1.2900000; 145.4959921;  12.0606283;  12.0526518; 599.2000000; 599.3162978
   1.3000000; 145.7725966;  12.0835569;  12.0782345; 598.4000000; 599.0497512
   1.3100000; 146.3482568;  12.1312752;  12.1159595; 597.4859945; 598.5760318
   1.3200000; 146.9239169;  12.1789936;  12.1680085; 596.5719890; 598.0439549
   1.3300000; 148.2615540;  12.2898746;  12.2517166; 595.6579835; 596.9034216
   1.3400000; 149.5991911;  12.4007556;  12.3728204; 594.7439780; 595.5671192
   1.3500000; 151.6528644;  12.5709911;  12.5267673; 592.8579835; 593.9836811
   1.3600000; 153.7065377;  12.7412267;  12.7126100; 590.9719890; 592.5103576
   1.3700000; 156.1744395;  12.9457990;  12.9157861; 588.7429973; 591.2449768
   1.3800000; 158.6423412;  13.1503712;  13.1335917; 586.5140055; 590.2739362
   1.3900000; 161.2691737;  13.3681178;  13.3555557; 586.5140055; 589.6143718
   1.4000000; 163.8960062;  13.5858643;  13.5805218; 586.5140055; 589.1957810
   1.4100000; 166.1703045;  13.7743882;  13.7892385; 587.7140055; 589.3921879
   1.4200000; 168.4446029;  13.9629121;  13.9770202; 588.9140055; 589.8980385
   1.4300000; 169.8935945;  14.0830236;  14.1275571; 590.1710082; 591.1499997
   1.4400000; 171.3425861;  14.2031352;  14.2364823; 591.4280110; 592.6269852
   1.4500000; 172.0148708;  14.2588630;  14.3095818; 592.6280110; 594.3632108
   1.4600000; 172.6871555;  14.3145908;  14.3481643; 593.8280110; 595.9699772
   1.4700000; 172.9567280;  14.3369366;  14.3698960; 595.3710082; 597.2948827
   1.4800000; 173.2263004;  14.3592823;  14.3782493; 596.9140055; 598.2746714
   1.4900000; 173.3833240;  14.3722985;  14.3848941; 598.0570028; 598.8774397
   1.5000000; 173.5403477;  14.3853147;  14.3911479; 599.2000000; 599.2153271
   1.5100000; 173.6808115;  14.3969582;  14.3995065; 599.6000000; 599.3654489
   1.5200000; 173.8212752;  14.4086016;  14.4093570; 600.0000000; 599.4197417
   1.5300000; 173.9728277;  14.4211643;  14.4207506; 600.0000000; 599.4167240
   1.5400000; 174.1243802;  14.4337270;  14.4332697; 600.0000000; 599.3938530
   1.5500000; 174.2353314;  14.4429241;  14.4444691; 600.0000000; 599.4199823
   1.5600000; 174.3462826;  14.4521212;  14.4535232; 600.0000000; 599.4752069
   1.5700000; 174.4081051;  14.4572459;  14.4601868; 600.0000000; 599.5665960
   1.5800000; 174.4699275;  14.4623705;  14.4644499; 600.0000000; 599.6622540
   1.5900000; 174.4801576;  14.4632185;  14.4664703; 600.0000000; 599.7737040
   1.6000000; 174.4903876;  14.4640665;  14.4662217; 600.0000000; 599.8778858
   1.6100000; 174.4943513;  14.4643951;  14.4656498; 600.0000000; 599.9426395
   1.6200000; 174.4983151;  14.4647237;  14.4652371; 600.0000000; 599.9750298
   1.6300000; 174.5205525;  14.4665670;  14.4658975; 600.0000000; 599.9663699
   1.6400000; 174.5427899;  14.4684103;  14.4677546; 600.0000000; 599.9389009
   1.6500000; 174.5754149;  14.4711147;  14.4702999; 600.0000000; 599.9076063
   1.6600000; 174.6080399;  14.4738191;  14.4733237; 600.0000000; 599.8814182
   1.6700000; 174.6312863;  14.4757461;  14.4759553; 600.0000000; 599.8777237
   1.6800000; 174.6545326;  14.4776730;  14.4779676; 600.0000000; 599.8874973
   1.6900000; 174.6854963;  14.4802397;  14.4801010; 600.0000000; 599.8878863
   1.7000000; 174.7164601;  14.4828064;  14.4826348; 600.0000000; 599.8804351
   1.7100000; 174.7252426;  14.4835344;  14.4844027; 600.0000000; 599.8982845
   1.7200000; 174.7340252;  14.4842624;  14.4850114; 600.0000000; 599.9301592
   1.7300000; 174.7543839;  14.4859500;  14.4858512; 600.0000000; 599.9391751
   1.7400000; 174.7747426;  14.4876376;  14.4873878; 600.0000000; 599.9307917
   1.7500000; 174.8185163;  14.4912661;  14.4900791; 600.0000000; 599.8966908
   1.7600000; 174.8622899;  14.4948947;  14.4940053; 600.0000000; 599.8545476
   1.7700000; 174.9006974;  14.4980784;  14.4978872; 600.0000000; 599.8343385
   1.7800000; 174.9391050;  14.5012621;  14.5013299; 600.0000000; 599.8316775
   1.7900000; 174.9391539;  14.5012662;  14.5030437; 600.0000000; 599.8756112
   1.8000000; 174.9392027;  14.5012702;  14.5026974; 600.0000000; 599.9388600
   1.8100000; 174.9352427;  14.5009420;  14.5018511; 600.0000000; 599.9838857
   1.8200000; 174.9312826;  14.5006137;  14.5010142; 600.0000000; 600.0082821
   1.8300000; 174.9443624;  14.5016979;  14.5010683; 600.0000000; 599.9990879
   1.8400000; 174.9574422;  14.5027822;  14.5021818; 600.0000000; 599.9739163
   1.8500000; 174.9642448;  14.5033461;  14.5032867; 600.0000000; 599.9625744
   1.8600000; 174.9710473;  14.5039099;  14.5040060; 600.0000000; 599.9637621
   1.8700000; 174.9762374;  14.5043402;  14.5045034; 600.0000000; 599.9690870
   1.8800000; 174.9814275;  14.5047704;  14.5048817; 600.0000000; 599.9742373
   1.8900000; 174.9985651;  14.5061910;  14.5057258; 600.0000000; 599.9642525
   1.9000000; 175.0157027;  14.5076116;  14.5072136; 600.0000000; 599.9465239
   1.9100000; 175.0360577;  14.5092989;  14.5089532; 600.0000000; 599.9311035
   1.9200000; 175.0564128;  14.5109862;  14.5108065; 600.0000000; 599.9205240
   1.9300000; 175.0908677;  14.5138422;  14.5131729; 600.0000000; 599.9003715
   1.9400000; 175.1253225;  14.5166983;  14.5162089; 600.0000000; 599.8765780
   1.9500000; 175.1372212;  14.5176846;  14.5184379; 600.0000000; 599.8864450
   1.9600000; 175.1491198;  14.5186709;  14.5194022; 600.0000000; 599.9159537
   1.9700000; 175.1156324;  14.5158951;  14.5182828; 600.0000000; 599.9863817
   1.9800000; 175.0821450;  14.5131192;  14.5148739; 600.0000000; 600.0684824
   1.9900000; 175.0084238;  14.5070082;  14.5096002; 600.0000000; 600.1616262
   2.0000000; 174.9347027;  14.5008972;  14.5025632; 600.0000000; 600.2461398
   2.0100000; 174.8974726;  14.4978111;  14.4969394; 600.0000000; 600.2531719
   2.0200000; 174.8602426;  14.4947250;  14.4936121; 600.0000000; 600.2132636
   2.0300000; 174.8628750;  14.4949432;  14.4925074; 600.0000000; 600.1365187
   2.0400000; 174.8655074;  14.4951614;  14.4934475; 600.0000000; 600.0556902
   2.0500000; 174.8711849;  14.4956320;  14.4946875; 600.0000000; 600.0051672
   2.0600000; 174.8768624;  14.4961026;  14.4957410; 600.0000000; 599.9811054
   2.0700000; 174.8766975;  14.4960890;  14.4962725; 600.0000000; 599.9797563
   2.0800000; 174.8765326;  14.4960753;  14.4963085; 600.0000000; 599.9883983
   2.0900000; 174.8853676;  14.4968077;  14.4965617; 600.0000000; 599.9859463
   2.1000000; 174.8942027;  14.4975400;  14.4972881; 600.0000000; 599.9755610
   2.1100000; 174.9214202;  14.4997962;  14.4988558; 600.0000000; 599.9479369
   2.1200000; 174.9486376;  14.5020523;  14.5013577; 600.0000000; 599.9150456
   2.1300000; 174.9954113;  14.5059295;  14.5047497; 600.0000000; 599.8738838
   2.1400000; 175.0421849;  14.5098068;  14.5090286; 600.0000000; 599.8344856
   2.1500000; 175.0915761;  14.5139010;  14.5134517; 600.0000000; 599.8095027
   2.1600000; 175.1409674;  14.5179952;  14.5178307; 600.0000000; 599.7966795
   2.1700000; 175.1523224;  14.5189364;  14.5205770; 600.0000000; 599.8331947
   2.1800000; 175.1636775;  14.5198777;  14.5212524; 600.0000000; 599.8926053
   2.1900000; 175.1510851;  14.5188338;  14.5206022; 600.0000000; 599.9577781
   2.2000000; 175.1384926;  14.5177900;  14.5188975; 600.0000000; 600.0134590
   2.2100000; 175.1667789;  14.5201347;  14.5188361; 600.0000000; 599.9990395
   2.2200000; 175.1950651;  14.5224795;  14.5211744; 600.0000000; 599.9454398
   2.2300000; 175.1984963;  14.5227639;  14.5231053; 600.0000000; 599.9324857
   2.2400000; 175.2019275;  14.5230483;  14.5236353; 600.0000000; 599.9521995
   2.2500000; 175.1853750;  14.5216762;  14.5229374; 600.0000000; 599.9926283
   2.2600000; 175.1688225;  14.5203042;  14.5211834; 600.0000000; 600.0347860
   2.2700000; 175.1670525;  14.5201574;  14.5199243; 600.0000000; 600.0433776
   2.2800000; 175.1652826;  14.5200107;  14.5196137; 600.0000000; 600.0299913
   2.2900000; 175.1913188;  14.5221689;  14.5206963; 600.0000000; 599.9872278
   2.3000000; 175.2173550;  14.5243272;  14.5232344; 600.0000000; 599.9361534
   2.3100000; 175.2516413;  14.5271693;  14.5262833; 600.0000000; 599.8960740
   2.3200000; 175.2859275;  14.5300114;  14.5295612; 600.0000000; 599.8698105
   2.3300000; 175.3141576;  14.5323514;  14.5324698; 600.0000000; 599.8645029
   2.3400000; 175.3423876;  14.5346915;  14.5349030; 600.0000000; 599.8706285
   2.3500000; 175.3341938;  14.5340123;  14.5357461; 600.0000000; 599.9160876
   2.3600000; 175.3260000;  14.5333331;  14.5346883; 600.0000000; 599.9771512
   2.3700000; 175.3402500;  14.5345143;  14.5342244; 600.0000000; 599.9915221
   2.3800000; 175.3545000;  14.5356956;  14.5351456; 600.0000000; 599.9729426
   2.3900000; 175.3817663;  14.5379557;  14.5370212; 600.0000000; 599.9406203
   2.4000000; 175.4090326;  14.5402159;  14.5395970; 600.0000000; 599.9096791
   2.4100000; 175.3950488;  14.5390568;  14.5405764; 600.0000000; 599.9367934
   2.4200000; 175.3810651;  14.5378976;  14.5392725; 600.0000000; 599.9951351
   2.4300000; 175.3982626;  14.5393232;  14.5387172; 600.0000000; 600.0021384
   2.4400000; 175.4154601;  14.5407487;  14.5399379; 600.0000000; 599.9720391
   2.4500000; 175.4352789;  14.5423916;  14.5417730; 600.0000000; 599.9433712
   2.4600000; 175.4550977;  14.5440344;  14.5437311; 600.0000000; 599.9254404
   2.4700000; 175.4545126;  14.5439859;  14.5447781; 600.0000000; 599.9396799
   2.4800000; 175.4539275;  14.5439374;  14.5446517; 600.0000000; 599.9698088
   2.4900000; 175.4815761;  14.5462293;  14.5453937; 600.0000000; 599.9602783
   2.5000000; 175.5092248;  14.5485212;  14.5476836; 600.0000000; 599.9255257
   2.5100000; 175.5487011;  14.5517935;  14.5508104; 600.0000000; 599.8870120
   2.5200000; 175.5881775;  14.5550658;  14.5544792; 600.0000000; 599.8556836
   2.5300000; 175.5964275;  14.5557497;  14.5568756; 600.0000000; 599.8731028
   2.5400000; 175.6046775;  14.5564336;  14.5574887; 600.0000000; 599.9165996
   2.5500000; 175.6023750;  14.5562427;  14.5572907; 600.0000000; 599.9589405
   2.5600000; 175.6000725;  14.5560518;  14.5566530; 600.0000000; 599.9904117
   2.5700000; 175.6128225;  14.5571087;  14.5566949; 600.0000000; 599.9896739
   2.5800000; 175.6255725;  14.5581656;  14.5576929; 600.0000000; 599.9710743
   2.5900000; 175.6022663;  14.5562337;  14.5575197; 600.0000000; 599.9951930
   2.6000000; 175.5789601;  14.5543018;  14.5554500; 600.0000000; 600.0445745
   2.6100000; 175.5507227;  14.5519611;  14.5527916; 600.0000000; 600.0840355
   2.6200000; 175.5224853;  14.5496204;  14.5500139; 600.0000000; 600.1078254
   2.6300000; 175.5677064;  14.5533689;  14.5502937; 600.0000000; 600.0385506
   2.6400000; 175.6129275;  14.5571174;  14.5545436; 600.0000000; 599.9250377
   2.6500000; 175.6661849;  14.5615321;  14.5598434; 600.0000000; 599.8411018
   2.6600000; 175.7194422;  14.5659468;  14.5652012; 600.0000000; 599.7942065
   2.6700000; 175.7259222;  14.5664839;  14.5683252; 600.0000000; 599.8264074
   2.6800000; 175.7324023;  14.5670211;  14.5686930; 600.0000000; 599.8964597
   2.6900000; 175.6930724;  14.5637609;  14.5666689; 600.0000000; 599.9947794
   2.7000000; 175.6537426;  14.5605007;  14.5624540; 600.0000000; 600.0902085
   2.7100000; 175.6389564;  14.5592751;  14.5590919; 600.0000000; 600.1177103
   2.7200000; 175.6241702;  14.5580494;  14.5574358; 600.0000000; 600.1002369
   2.7300000; 175.6281413;  14.5583786;  14.5571088; 600.0000000; 600.0595713
   2.7400000; 175.6321124;  14.5587077;  14.5578238; 600.0000000; 600.0175812
   2.7500000; 175.6253624;  14.5581482;  14.5581988; 600.0000000; 600.0047987
   2.7600000; 175.6186124;  14.5575887;  14.5578355; 600.0000000; 600.0118844
   2.7700000; 175.5953062;  14.5556568;  14.5565596; 600.0000000; 600.0384105
   2.7800000; 175.5720000;  14.5537248;  14.5543911; 600.0000000; 600.0698793
   2.7900000; 175.5585000;  14.5526058;  14.5524981; 600.0000000; 600.0784646
   2.8000000; 175.5450000;  14.5514867;  14.5512376; 600.0000000; 600.0710922
   2.8100000; 175.5348225;  14.5506431;  14.5503189; 600.0000000; 600.0595873
   2.8200000; 175.5246450;  14.5497994;  14.5495917; 600.0000000; 600.0496843
   2.8300000; 175.5146250;  14.5489688;  14.5488665; 600.0000000; 600.0442156
   2.8400000; 175.5046050;  14.5481382;  14.5481005; 600.0000000; 600.0420003
   2.8500000; 175.5023550;  14.5479517;  14.5476041; 600.0000000; 600.0331001
   2.8600000; 175.5001050;  14.5477652;  14.5474909; 600.0000000; 600.0209235
   2.8700000; 175.5110887;  14.5486757;  14.5479604; 600.0000000; 599.9989091
   2.8800000; 175.5220725;  14.5495862;  14.5490738; 600.0000000; 599.9746077
   2.8900000; 175.5252863;  14.5498526;  14.5499477; 600.0000000; 599.9685432
   2.9000000; 175.5285000;  14.5501190;  14.5503180; 600.0000000; 599.9748310
   2.9100000; 175.5249637;  14.5498258;  14.5502578; 600.0000000; 599.9885777
   2.9200000; 175.5214275;  14.5495327;  14.5498351; 600.0000000; 600.0029762
   2.9300000; 175.5100688;  14.5485912;  14.5490725; 600.0000000; 600.0198137
   2.9400000; 175.4987101;  14.5476496;  14.5479653; 600.0000000; 600.0355855
   2.9500000; 175.5068551;  14.5483248;  14.5476163; 600.0000000; 600.0233266
   2.9600000; 175.5150000;  14.5489999;  14.5483531; 600.0000000; 599.9959284
   2.9700000; 175.5309674;  14.5503235;  14.5496312; 600.0000000; 599.9682872
   2.9800000; 175.5469349;  14.5516471;  14.5512432; 600.0000000; 599.9468455
   2.9900000; 175.5429150;  14.5513139;  14.5520229; 600.0000000; 599.9575700
   3.0000000; 175.5388950;  14.5509806;  14.5516500; 600.0000000; 599.9853910
   3.0100000; 175.5165000;  14.5491243;  14.5502941; 600.0000000; 600.0251139
   3.0200000; 175.4941050;  14.5472679;  14.5480520; 600.0000000; 600.0636852
   3.0300000; 175.4815162;  14.5462243;  14.5461500; 600.0000000; 600.0749278
   3.0400000; 175.4689275;  14.5451808;  14.5449315; 600.0000000; 600.0680482
   3.0500000; 175.4690362;  14.5451898;  14.5444511; 600.0000000; 600.0462088
   3.0600000; 175.4691450;  14.5451988;  14.5446582; 600.0000000; 600.0212076
   3.0700000; 175.4758950;  14.5457584;  14.5452067; 600.0000000; 599.9989910
   3.0800000; 175.4826450;  14.5463179;  14.5459996; 600.0000000; 599.9821927
   3.0900000; 175.4944312;  14.5472949;  14.5469505; 600.0000000; 599.9683915
   3.1000000; 175.5062174;  14.5482719;  14.5480711; 600.0000000; 599.9575991
   3.1100000; 175.5079275;  14.5484137;  14.5487736; 600.0000000; 599.9629861
   3.1200000; 175.5096376;  14.5485554;  14.5488955; 600.0000000; 599.9769918
   3.1300000; 175.4942027;  14.5472760;  14.5482108; 600.0000000; 600.0055108
   3.1400000; 175.4787679;  14.5459965;  14.5466700; 600.0000000; 600.0374016
   3.1500000; 175.5016503;  14.5478933;  14.5465490; 600.0000000; 600.0151006
   3.1600000; 175.5245326;  14.5497901;  14.5485477; 600.0000000; 599.9624959
   3.1700000; 175.5758099;  14.5540406;  14.5521291; 600.0000000; 599.8947039
   3.1800000; 175.6270872;  14.5582912;  14.5570501; 600.0000000; 599.8321759
   3.1900000; 175.6298661;  14.5585215;  14.5600905; 600.0000000; 599.8499176
   3.2000000; 175.6326450;  14.5587519;  14.5603191; 600.0000000; 599.9132018
   3.2100000; 175.5940652;  14.5555539;  14.5582461; 600.0000000; 600.0046281
   3.2200000; 175.5554853;  14.5523559;  14.5541586; 600.0000000; 600.0929107
   3.2300000; 175.5482589;  14.5517569;  14.5512072; 600.0000000; 600.1089108
   3.2400000; 175.5410326;  14.5511578;  14.5502847; 600.0000000; 600.0789964
   3.2500000; 175.5614512;  14.5528504;  14.5510737; 600.0000000; 600.0213965
   3.2600000; 175.5818698;  14.5545430;  14.5533142; 600.0000000; 599.9623449
   3.2700000; 175.5862610;  14.5549070;  14.5550340; 600.0000000; 599.9454861
   3.2800000; 175.5906523;  14.5552710;  14.5556649; 600.0000000; 599.9570258
   3.2900000; 175.5652012;  14.5531612;  14.5547453; 600.0000000; 600.0024157
   3.3000000; 175.5397500;  14.5510515;  14.5522355; 600.0000000; 600.0574776
   3.3100000; 175.5109275;  14.5486623;  14.5493842; 600.0000000; 600.0948908
   3.3200000; 175.4821050;  14.5462731;  14.5465704; 600.0000000; 600.1146123
   3.3300000; 175.4733750;  14.5455495;  14.5447388; 600.0000000; 600.1001283
   3.3400000; 175.4646450;  14.5448258;  14.5440950; 600.0000000; 600.0696119
   3.3500000; 175.4703225;  14.5452965;  14.5442684; 600.0000000; 600.0328747
   3.3600000; 175.4760000;  14.5457671;  14.5451067; 600.0000000; 600.0001533
   3.3700000; 175.4838188;  14.5464152;  14.5460315; 600.0000000; 599.9800324
   3.3800000; 175.4916376;  14.5470633;  14.5469098; 600.0000000; 599.9699098
   3.3900000; 175.4980688;  14.5475964;  14.5476248; 600.0000000; 599.9679239
   3.4000000; 175.5045000;  14.5481295;  14.5481906; 600.0000000; 599.9696573
   3.4100000; 175.5050925;  14.5481786;  14.5484769; 600.0000000; 599.9778105
   3.4200000; 175.5056849;  14.5482278;  14.5484557; 600.0000000; 599.9881207
   3.4300000; 175.4949674;  14.5473394;  14.5479447; 600.0000000; 600.0067298
   3.4400000; 175.4842500;  14.5464509;  14.5468851; 600.0000000; 600.0273560
   3.4500000; 175.4879438;  14.5467571;  14.5463364; 600.0000000; 600.0240865
   3.4600000; 175.4916376;  14.5470633;  14.5466206; 600.0000000; 600.0064166
   3.4700000; 175.5198713;  14.5494037;  14.5480814; 600.0000000; 599.9664789
   3.4800000; 175.5481050;  14.5517441;  14.5507847; 600.0000000; 599.9209923
   3.4900000; 175.5584963;  14.5526055;  14.5529254; 600.0000000; 599.9129082
   3.5000000; 175.5688876;  14.5534668;  14.5539563; 600.0000000; 599.9296537
   3.5100000; 175.5675489;  14.5533559;  14.5541878; 600.0000000; 599.9576550
   3.5200000; 175.5662101;  14.5532449;  14.5538041; 600.0000000; 599.9846337
   3.5300000; 175.5681413;  14.5534050;  14.5535193; 600.0000000; 599.9963178
   3.5400000; 175.5700725;  14.5535651;  14.5535270; 600.0000000; 599.9971334
   3.5500000; 175.5679837;  14.5533919;  14.5535102; 600.0000000; 599.9994214
   3.5600000; 175.5658950;  14.5532188;  14.5533234; 600.0000000; 600.0039380
   3.5700000; 175.5685762;  14.5534410;  14.5532899; 600.0000000; 600.0018958
   3.5800000; 175.5712574;  14.5536633;  14.5535168; 600.0000000; 599.9958102
   3.5900000; 175.5635962;  14.5530282;  14.5533955; 600.0000000; 600.0025479
   3.6000000; 175.5559349;  14.5523931;  14.5527234; 600.0000000; 600.0167409
   3.6100000; 175.5339149;  14.5505678;  14.5513688; 600.0000000; 600.0420924
   3.6200000; 175.5118950;  14.5487425;  14.5493073; 600.0000000; 600.0694093
   3.6300000; 175.4782500;  14.5459536;  14.5467189; 600.0000000; 600.0980550
   3.6400000; 175.4446050;  14.5431646;  14.5436414; 600.0000000; 600.1230350
   3.6500000; 175.4417663;  14.5429293;  14.5417859; 600.0000000; 600.1032518
   3.6600000; 175.4389275;  14.5426940;  14.5416523; 600.0000000; 600.0596230
   3.6700000; 175.4643750;  14.5448034;  14.5430022; 600.0000000; 599.9985868
   3.6800000; 175.4898225;  14.5469129;  14.5457049; 600.0000000; 599.9394862
   3.6900000; 175.5051413;  14.5481827;  14.5480778; 600.0000000; 599.9170150
   3.7000000; 175.5204601;  14.5494525;  14.5496569; 600.0000000; 599.9198522
   3.7100000; 175.5196576;  14.5493860;  14.5502796; 600.0000000; 599.9447349
   3.7200000; 175.5188550;  14.5493195;  14.5499960; 600.0000000; 599.9755554
   3.7300000; 175.5073913;  14.5483692;  14.5491685; 600.0000000; 600.0060850
   3.7400000; 175.4959275;  14.5474189;  14.5479046; 600.0000000; 600.0310804
   3.7500000; 175.4920163;  14.5470947;  14.5469681; 600.0000000; 600.0359654
   3.7600000; 175.4881050;  14.5467705;  14.5465521; 600.0000000; 600.0287258
   3.7700000; 175.5099112;  14.5485781;  14.5473141; 600.0000000; 599.9940203
   3.7800000; 175.5317174;  14.5503857;  14.5494186; 600.0000000; 599.9494849
   3.7900000; 175.5635924;  14.5530279;  14.5521141; 600.0000000; 599.9108349
   3.8000000; 175.5954674;  14.5556701;  14.5551671; 600.0000000; 599.8829111
   3.8100000; 175.5804075;  14.5544218;  14.5562780; 600.0000000; 599.9200489
   3.8200000; 175.5653477;  14.5531734;  14.5547938; 600.0000000; 599.9897956
   3.8300000; 175.5529201;  14.5521432;  14.5528956; 600.0000000; 600.0344570
   3.8400000; 175.5404926;  14.5511131;  14.5513373; 600.0000000; 600.0523218
   3.8500000; 175.5597300;  14.5527077;  14.5513348; 600.0000000; 600.0221740
   3.8600000; 175.5789674;  14.5543024;  14.5531422; 600.0000000; 599.9712562
   3.8700000; 175.5900525;  14.5552213;  14.5549678; 600.0000000; 599.9460813
   3.8800000; 175.6011376;  14.5561401;  14.5562119; 600.0000000; 599.9434486
   3.8900000; 175.6189801;  14.5576192;  14.5574459; 600.0000000; 599.9398731
   3.9000000; 175.6368225;  14.5590982;  14.5589460; 600.0000000; 599.9327894
   3.9100000; 175.6488824;  14.5600979;  14.5602731; 600.0000000; 599.9341556
   3.9200000; 175.6609422;  14.5610975;  14.5612800; 600.0000000; 599.9410139
   3.9300000; 175.6267610;  14.5582641;  14.5603820; 600.0000000; 599.9961132
   3.9400000; 175.5925798;  14.5554308;  14.5570958; 600.0000000; 600.0717504
   3.9500000; 175.5315036;  14.5503680;  14.5523709; 600.0000000; 600.1488535
   3.9600000; 175.4704275;  14.5453052;  14.5465179; 600.0000000; 600.2124667
   3.9700000; 175.4507663;  14.5436754;  14.5423666; 600.0000000; 600.2010867
   3.9800000; 175.4311050;  14.5420456;  14.5406908; 600.0000000; 600.1477125
   3.9900000; 175.4552663;  14.5440484;  14.5413536; 600.0000000; 600.0601274
   4.0000000; 175.4794275;  14.5460512;  14.5441913; 600.0000000; 599.9708815

     kp;     Tc;     Tz;   nzad;       Iz
  0.340;  0.018;  0.001;    600; 0.002544
